Timestamp: 17 May 2023, 01:09:58
Total Runs: 4
Download Speeds:
  Average: 18.24 Mbps
  Min:     16.30456 Mbps
  Max:     21.156488 Mbps
Upload Speeds:
  Average: 2.79 Mbps
  Min:     1.086784 Mbps
  Max:     3.766584 Mbps
