Timestamp: 13 April 2023, 10:30:01
Total Runs: 5
Download Speeds:
  Average: 41.03 Mbps
  Min:     39.885288 Mbps
  Max:     42.139488 Mbps
Upload Speeds:
  Average: 3.48 Mbps
  Min:     2.913144 Mbps
  Max:     3.789352 Mbps
